BIKF 63 59 6 022 36 20
CCR3 46 25 33 067 37 41
CCS3 45 12 27 067 15 2
CNK4 45 15 27 079 49 46
CSE4 45 38 21 074 22 14
CYAM 46 29 6 084 30 34
CYAV 50 3 22 097 1 57
CYAY 51 23 30 056 4 59
CYBC 49 7 56 068 12 15
CYBG 48 19 50 070 59 47
CYBR 49 54 36 099 57 7
CYBW 51 6 19 114 22 17
CYCC 45 5 33 074 34 4
CYDF 49 12 33 057 23 39
CYDN 51 6 2 100 3 9
CYEE 44 41 5 079 55 45
CYEG 53 18 35 113 34 46
CYEN 49 12 37 102 57 56
CYFC 45 52 7 066 32 13
CYFO 54 40 41 101 40 54
CYGK 44 13 33 076 35 47
CYGM 50 37 41 097 2 35
CYGO 54 33 31 094 29 29
CYGQ 49 46 43 086 56 18
CYGR 47 25 30 061 46 41
CYGX 56 21 27 094 42 38
CYHD 49 49 54 092 44 39
CYHM 43 10 25 079 56 6
CYHU 45 31 5 073 25 1
CYHZ 44 52 52 063 30 31
CYIB 48 46 26 091 38 19
CYIV 53 51 25 094 39 13
CYKF 43 27 38 080 22 43
CYKX 48 12 37 079 58 52
CYKZ 43 51 39 079 22 7
CYLS 44 29 9 079 33 20
CYLW 49 57 25 119 22 40
CYMM 56 39 11 111 13 23
CYMX 45 40 47 074 2 19
CYNA 50 11 24 061 47 20
CYNE 53 57 29 097 50 38
CYOO 43 55 22 078 53 48
CYOW 45 19 21 075 40 9
CYPA 53 12 52 105 40 22
CYPG 49 54 11 098 16 26
CYPK 49 12 58 122 42 46
CYPL 51 26 47 090 12 51
CYPM 51 49 10 093 58 23
CYPO 54 59 16 085 26 36
CYQA 44 58 30 079 18 13
CYQB 46 47 28 071 23 35
CYQD 53 58 16 101 5 27
CYQG 42 16 33 082 57 19
CYQK 49 47 17 094 21 47
CYQM 46 6 43 064 40 42
CYQR 50 25 55 104 39 57
CYQT 48 22 19 089 19 18
CYQV 51 15 53 102 27 40
CYQX 48 56 13 054 34 5
CYQY 46 9 41 060 2 53
CYRL 51 4 1 093 47 34
CYRS 54 10 2 093 33 26
CYSB 46 37 31 080 47 52
CYSF 59 15 1 105 50 29
CYSJ 45 18 58 065 53 24
CYSP 48 45 25 086 20 45
CYST 53 50 43 094 51 7
CYTH 55 48 16 097 51 44
CYTN 45 36 42 062 37 15
CYTS 48 34 14 081 22 35
CYTL 53 49 4 089 53 48
CYTZ 43 37 38 079 23 46
CYUL 45 28 5 073 44 29
CYVR 49 11 40 123 11 2
CYWG 49 54 36 097 14 24
CYXE 52 10 15 106 41 59
CYXL 50 6 50 091 54 19
CYXU 43 1 58 081 9 3
CYXX 49 1 30 122 21 35
CYYB 46 21 49 079 25 27
CYYC 51 6 50 114 1 11
CYYD 54 49 31 127 10 58
CYYE 58 50 11 122 35 49
CYYF 49 27 45 119 36 8
CYYG 46 17 20 063 7 9
CYYJ 48 38 49 123 25 32
CYYL 56 51 51 101 4 33
CYYN 50 17 33 107 41 27
CYYQ 58 44 20 094 3 58
CYYR 53 19 9 060 25 32
CYYT 47 37 7 052 45 8
CYYZ 43 40 40 079 37 30
CYZE 45 52 54 082 34 5
CYZF 62 27 46 114 26 25
CYZG 62 10 45 075 40 1
CYZH 55 17 34 114 46 37
CYZP 53 15 15 131 48 49
CYZR 42 59 58 082 18 33
CYZS 64 11 36 083 21 33
CZUM 53 33 42 064 6 23
EBBR 50 54 5 E004 29 4
EDDF 50 1 59 E008 34 13
EDDM 48 21 13 E011 47 9
EDDT 52 33 34 E013 17 15
EFHK 60 19 1 E024 57 47
EGCC 53 21 14 002 16 30
EGGW 51 52 28 000 22 6
EGKK 51 8 53 000 11 24
EGLL 51 28 39 000 27 40
EGPF 55 52 18 004 25 59
EGPH 55 57 0 003 22 21
EHAM 52 18 29 E004 45 51
EIDW 53 25 17 006 16 12
EKCH 55 37 4 E012 39 21
EPWA 52 9 56 E020 58 1
HECA 30 6 41 E031 24 50
KACK 41 15 11 070 3 37
KACY 39 27 27 074 34 37
KALB 42 44 56 073 48 7
KAPF 26 9 8 081 46 32
KATL 33 38 12 084 25 41
KAUS 30 11 40 097 40 11
KBDL 41 56 20 072 41 0
KBED 42 28 11 071 17 20
KBNA 36 7 28 086 40 41
KBOS 42 21 51 071 0 18
KBTV 44 28 18 073 9 11
KBUF 42 56 26 078 43 56
KBWI 39 10 31 076 40 5
KCAK 40 54 54 081 26 37
KCLE 41 24 33 081 51 17
KCLT 35 12 49 080 56 56
KCMH 39 59 52 082 53 30
KCRQ 33 7 41 117 16 48
KCVG 39 2 55 084 40 4
KDCA 38 51 7 077 2 15
KDEN 39 51 42 104 40 23
KDET 42 24 33 083 0 35
KDEW 47 58 1 117 25 42
KDFI 41 20 15 084 25 43
KDFW 32 53 48 097 2 16
KDTW 42 12 44 083 21 12
KEWR 40 41 33 074 10 7
KFLL 26 4 21 080 9 9
KFOK 40 50 37 072 37 54
KFTY 33 46 44 084 31 16
KHEF 38 43 17 077 30 55
KHPN 41 4 0 073 42 27
KHTO 40 57 33 072 15 6
KHYA 41 40 9 070 16 49
KIAD 38 56 50 077 27 35
KIAG 43 6 26 078 56 46
KIAH 29 59 3 095 20 29
KIND 39 43 2 086 17 40
KJAX 30 29 38 081 41 16
KJFK 40 38 23 073 46 44
KLAS 36 4 48 115 9 8
KLAW 34 34 3 098 24 59
KLAX 33 56 32 118 24 29
KLEX 38 2 12 084 36 31
KLFI 37 4 58 076 21 37
KLGA 40 46 38 073 52 21
KLGB 33 49 3 118 9 5
KMCI 39 17 51 094 42 50
KMCO 28 25 45 081 18 32
KMDT 40 11 35 076 45 45
KMEM 35 2 32 089 58 36
KMIA 25 47 43 080 17 24
KMKE 42 56 49 087 53 49
KMLI 41 26 53 090 30 27
KMSP 44 52 55 093 13 18
KMSY 29 59 36 090 15 28
KORD 41 58 53 087 54 24
KPDX 45 35 19 122 35 48
KPHL 39 52 20 075 14 27
KPHN 42 54 39 082 31 43
KPHP 44 2 55 101 35 55
KPHX 33 26 3 112 0 41
KPIT 40 29 29 080 13 58
KPWK 42 6 51 087 54 5
KRDU 35 52 39 078 47 14
KROC 43 7 8 077 40 18
KSAN 32 44 0 117 11 22
KSAT 29 32 1 098 28 11
KSAV 32 7 39 081 12 7
KSDF 38 10 26 085 44 11
KSEA 47 26 59 122 18 42
KSFO 37 37 8 122 22 29
KSLC 40 47 18 111 58 39
KSTC 45 32 47 094 3 35
KSTL 38 44 55 090 22 12
KSYR 43 6 40 076 6 22
KTEB 40 51 0 074 3 39
KTPA 27 58 31 082 31 59
KTUS 32 6 57 110 56 27
KVJI 36 41 13 082 1 59
KVNY 34 12 35 118 29 23
LDZA 45 44 34 E016 4 7
LEBL 41 17 48 E002 4 41
LEMD 40 28 19 003 33 38
LFBG 45 39 29 000 19 3
LFPG 49 0 35 -002 32 52
LGAV 37 56 12 -023 56 40
LHBP 47 26 21 -019 15 42
LIMC 45 37 48 -008 43 23
LIPZ 45 30 18 -012 21 7
LIRF 41 48 1 -012 14 20
LKPR 50 6 2 -014 15 36
LLBG 32 0 33 -034 52 37
LOWW 48 6 37 -016 34 10
LPLA 38 45 42 027 5 26
LPPD 37 44 31 025 41 51
LPPR 41 14 7 008 40 40
LSZH 47 27 29 -008 32 53
LTBA 40 58 33 -028 48 51
MDCY 19 16 12 069 44 15
MDPC 18 34 14 068 21 58
MKJP 17 56 8 076 47 15
MKJS 18 30 12 077 54 47
MMMX 19 26 11 099 4 19
MMPR 20 40 48 105 15 15
MMTO 19 20 13 099 33 57
MMUN 21 2 33 086 52 23
MPTO 09 4 17 079 22 59
MRLB 10 35 34 085 32 43
MUCC 22 27 39 078 19 42
MUHA 22 59 21 082 24 33
MUSC 22 29 31 079 56 36
MUVR 23 2 3 081 26 7
MWCR 19 17 32 081 21 33
MYNN 25 2 20 077 27 58
OEJN 21 40 52 -039 9 19
OMAA 24 25 59 -054 39 3
OMDB 25 15 10 -055 21 51
PANC 61 10 26 149 59 53
RJAA 35 45 55 -140 23 8
RJBB 34 26 3 -135 13 58
RJOO 34 47 3 -135 26 21
RJTT 35 33 11 -139 46 51
RJTY 35 44 54 -139 20 54
RKSI 37 27 45 -126 26 21
TAPA 17 8 12 061 47 34
TBPB 13 4 28 059 29 31
TNCA 12 30 5 070 0 54
TNCB 12 7 51 068 16 36
TNCC 12 11 20 068 57 34
TNCM 18 2 27 063 6 34
TXKF 32 21 50 064 40 43
VABB 19 5 29 E072 51 57
VHHH 21 18 42 157 56 0
VIDP 28 34 7 E077 6 43
ZBAA 40 4 23 E116 35 53