8
16
49.00055556 115.4997222
48.49333333 124.7272222
48.5 125
48.33333333 128
51 133.75
54 136
54.21666667 134.95
54.66222222 132.6841667
57 132.0661111
56 123.25
53.4 119
50.32638889 116.0847222
49.955 115.7922222
49.9625 115.1472222
49.5 115.1375
49.00055556 115.4997222
24
48.99972222 110
49.00055556 115.4997222
49.5 115.1375
49.93888889 115.1416667
49.955 115.7922222
50.325 116.0833333
53.4 119
56 123.25
57 132.0661111
60.30638889 141.0022222
90 141
82 60
78 75
76 76
65 57.75
65 60
65 68
62.75 80
64.40833333 80
54.76666667 108.4166667
54.76666667 108.6944444
54.40861111 110.2958333
53.42083333 110
48.99972222 110
12
47.77481111 87
48.99972222 110
53.42083333 110
54.40861111 110.2958333
54.76666667 108.6944444
54.76666667 108.4166667
64.40833333 80
53.46666667 80
52 83.14166667
50 86.26666667
49.53333333 87
47.77481111 87
17
44.22141667 76.19172222
47.77481111 87
49.53333333 87
50 86.26666667
52 83.14166667
53.46666667 80
49 79
48.58704722 79
48.1729 78.93858333
47.84006389 78.56570556
47.55425833 78.11756944
47.11110278 77.54586389
46.94688056 77.25
46.13333333 77.25
45.96111111 76.92777778
45.8375 76.26666667
44.22141667 76.19172222
45
47.45983333 69.22444444
44.22141667 76.19172222
45.8375 76.26666667
45.96111111 76.92777778
46.13333333 77.25
46.94688056 77.25
47.11110278 77.54586389
47.55425833 78.11756944
47.84006389 78.56570556
48.1729 78.93858333
48.58704722 79
49 79
53.46666667 80
62.75 80
65 68
65 60
64 63
61 63
58.47111111 60.35111111
57.55 64
55.35555556 64
55.08333333 65.08333333
54.41666667 65.33333333
53.7 65.91666667
51.41666667 64
50.83333333 62.08333333
50.83333333 60
51.33333333 59.5
51.63333333 59.5
52.19638889 58.14277778
51.735 57
51.28333333 57
51 58
49.53333333 61
49.3 61
48.5 62
47.84833333 64.62222222
48 65.94111111
48.00888889 66.43694444
47.88333333 66.89666667
47.73333333 67.95
47.52527778 68
46.95138889 67.88611111
47.2875 68.57666667
47.45983333 69.22444444
17
44.44666667 56.05166667
43.6 60
41.86666667 67
44.5 67
44.5 67.11666667
44.77666667 66.9025
47.2875 68.57666667
46.95138889 67.88611111
47.52527778 68
47.73333333 67.95
47.88333333 66.89666667
48.00888889 66.43694444
48 65.94111111
47.84833333 64.62222222
48.5 62
45.61194444 56.47361111
44.44666667 56.05166667
26
45 51
45 53
44.44666667 56.05166667
45.61194444 56.47361111
48.5 62
49.3 61
49.53333333 61
51 58
51.28333333 57
51.735 57
52.19638889 58.14277778
51.63333333 59.5
51.33333333 59.5
50.83333333 60
50.83333333 62.08333333
51.41666667 64
53.7 64.91666667
54.41666667 65.33333333
55.08333333 65.08333333
55.35555556 64
57.55 64
58.47111111 60 35111111
57 59
53 54
49 51
45 51
15
45 30
45 51
49 51
53 54
57 59
58.47111111 60.35111111
61 63
64 63
65 60
65 57.75
58.5 50
58.5 43
63.5 39
61 30
45 30